32  0  0
96  0  0
160  0  0
224  0  0
288  0  0
352  0  0
416  0  0
480  0  0
544  0  0
608  0  0
672  0  0
736  0  0
800  0  0
864  0  0
928  0  0
992  0  0
1056  0  0
1120  0  0
1184  0  0
1248  0  0
1312  0  0
1376  0  0
1440  0  0
1504  0  0
1568  0  0
1632  0  0
1696  0  0
1760  0  0
1824  0  0
1888  0  0
1952  0  0
2016  0  0
2080  0  0
2144  0  0
2208  0  0
2272  0  0
2336  0  0
2400  0  0
2464  0  0
2528  0  0
2592  0  0
2656  0  0
2720  0  0
2784  0  0
2848  0  0
2912  0  0
2976  0  0
3040  0  0
3104  0  0
3168  0  0
3232  0  0
3296  0  0
3360  0  0
3424  0  0
3488  0  0
3552  0  0
3616  0  0
3680  0  0
3744  407  407
3808  0  0
3872  0  0
3936  0  0
4000  0  0
4064  0  0
4128  0  0
4192  254  254
4256  0  0
4320  0  0
4384  0  0
4448  0  0
4512  17  17
4576  0  0
4640  2  2
4704  0  0
4768  0  0
4832  0  0
4896  0  0
4960  29  29
5024  0  0
5088  0  0
5152  0  0
5216  37  37
5280  0  0
5344  0  0
5408  5  5
5472  0  0
5536  0  0
5600  0  0
5664  11  11
5728  0  0
5792  0  0
5856  4  4
5920  1  1
5984  0  0
6048  0  0
6112  0  0
6176  1  1
6240  0  0
6304  1  1
6368  0  0
6432  17  17
6496  0  0
6560  0  0
6624  11  11
6688  0  0
6752  0  0
6816  0  0
6880  17  17
6944  0  0
7008  0  0
7072  0  0
7136  12  12
7200  0  0
7264  0  0
7328  0  0
7392  0  0
7456  6  6
7520  2  2
7584  0  0
7648  6  6
7712  0  0
7776  0  0
7840  0  0
7904  19  19
7968  2  2
8032  0  0
8096  0  0
8160  1  1
8224  0  0
8288  4  4
8352  0  0
8416  1  1
8480  0  0
8544  2  2
8608  0  0
8672  3  3
8736  1  1
8800  0  0
8864  0  0
8928  1  1
8992  1  1
9056  0  0
9120  20  20
9184  0  0
9248  0  0
9312  0  0
9376  0  0
9440  0  0
9504  0  0
9568  4  4
9632  0  0
9696  0  0
9760  0  0
9824  7  7
9888  1  1
9952  1  1
10016  0  0
10080  9  9
10144  8  8
10208  1  1
10272  0  0
10336  4  4
10400  0  0
10464  1  1
10528  4  4
10592  4  4
10656  0  0
10720  1  1
10784  1  1
10848  3  3
10912  1  1
10976  0  0
11040  0  0
11104  0  0
11168  7  7
11232  3  3
11296  0  0
11360  0  0
11424  0  0
11488  5  5
11552  0  0
11616  1  1
11680  0  0
11744  9  9
11808  0  0
11872  1  1
11936  7  7
12000  4  4
12064  0  0
12128  1  1
12192  4  4
12256  0  0
12320  0  0
12384  0  0
12448  3  3
12512  16  16
12576  0  0
12640  0  0
12704  0  0
12768  11  11
12832  4  4
12896  1  1
12960  0  0
13024  6  6
13088  6  6
13152  2  2
13216  3  3
13280  1  1
13344  2  2
13408  2  2
13472  3  3
13536  3  3
13600  3  3
13664  0  0
13728  1  1
13792  4  4
13856  3  3
13920  1  1
13984  1  1
14048  0  0
14112  3  3
14176  8  8
14240  0  0
14304  0  0
14368  0  0
14432  1  1
14496  5  5
14560  2  2
14624  5  5
14688  2  2
14752  1  1
14816  6  6
14880  0  0
14944  0  0
15008  1  1
15072  7  7
15136  0  0
15200  0  0
15264  0  0
15328  1  1
15392  2  2
15456  7  7
15520  2  2
15584  2  2
15648  0  0
15712  4  4
15776  5  5
15840  3  3
15904  3  3
15968  1  1
16032  2  2
16096  2  2
16160  4  4
16224  6  6
16288  2  2
16352  0  0
16416  0  0
16480  11  11
16544  2  2
16608  5  5
16672  0  0
16736  4  4
16800  2  2
16864  0  0
16928  3  3
16992  2  3
17056  4  3
17120  3  3
17184  2  2
17248  1  1
17312  2  2
17376  2  2
17440  2  2
17504  1  1
17568  5  5
17632  5  5
17696  5  5
17760  5  5
17824  0  0
17888  1  1
17952  3  3
18016  2  3
18080  2  1
18144  3  3
18208  1  1
18272  4  4
18336  6  6
18400  12  12
18464  2  2
18528  3  3
18592  4  4
18656  6  6
18720  3  3
18784  2  2
18848  31  31
18912  1  1
18976  3  3
19040  4  4
19104  3  3
19168  1  1
19232  2  2
19296  195  195
19360  9  9
19424  10  10
19488  8  8
19552  1  1
19616  10  10
19680  32  49
19744  20  3
19808  5  5
19872  3  3
19936  2  2
20000  8  8
20064  21  21
20128  1  1
20192  21  21
20256  3  3
20320  32  32
20384  6  6
20448  31  31
20512  218  218
20576  37  37
20640  15  15
20704  45  45
20768  4  4
20832  2  2
20896  49  49
20960  385  385
21024  189  189
21088  12  12
21152  4  4
21216  3  4
21280  54  53
21344  1312  1312
21408  1  1
21472  4  5
21536  24  23
21600  24  24
21664  57  57
21728  204  204
21792  105  105
21856  227  227
21920  13  13
21984  78  78
22048  23  23
22112  235  235
22176  758  758
22240  299  299
22304  136  136
22368  97  97
22432  81  81
22496  364  364
22560  236  236
22624  144  144
22688  196  196
22752  69  69
22816  312  312
22880  278  281
22944  809  806
23008  556  557
23072  543  542
23136  216  216
23200  243  243
23264  225  226
23328  107  106
23392  132  132
23456  428  428
23520  42  43
23584  305  304
23648  538  539
23712  228  227
23776  163  163
23840  213  213
23904  504  505
23968  527  526
24032  231  236
24096  247  242
24160  511  511
24224  122  122
24288  238  239
24352  339  338
24416  207  208
24480  48  47
24544  379  387
24608  821  813
24672  322  322
24736  1101  1101
24800  205  205
24864  391  391
24928  678  680
24992  83  81
25056  49  51
25120  356  354
25184  441  442
25248  414  413
25312  604  608
25376  92  88
25440  210  218
25504  533  525
25568  214  214
25632  102  102
25696  921  921
25760  298  298
25824  490  490
25888  226  226
25952  118  121
26016  1732  1729
26080  409  409
26144  121  121
26208  147  176
26272  380  351
26336  285  285
26400  445  445
26464  550  550
26528  227  227
26592  233  233
26656  91  91
26720  192  192
26784  119  119
26848  228  229
26912  760  759
26976  380  380
27040  497  497
27104  340  340
27168  282  282
27232  89  89
27296  287  287
27360  237  241
27424  461  457
27488  129  129
27552  560  560
27616  208  212
27680  432  428
27744  618  618
27808  563  563
27872  773  779
27936  209  203
28000  144  144
28064  204  204
28128  676  676
28192  217  217
28256  1423  1423
28320  181  181
28384  217  217
28448  254  254
28512  547  547
28576  210  210
28640  915  915
28704  210  210
28768  122  122
28832  248  248
28896  619  619
28960  192  192
29024  435  441
29088  246  240
29152  233  233
29216  420  420
29280  214  215
29344  386  385
29408  206  209
29472  320  317
29536  272  298
29600  276  250
29664  164  164
29728  265  265
29792  337  337
29856  348  348
29920  191  191
29984  266  266
30048  302  303
30112  450  449
30176  411  411
30240  431  431
30304  250  251
30368  304  303
30432  322  323
30496  271  270
30560  554  554
30624  715  715
30688  453  457
30752  576  572
30816  414  419
30880  182  177
30944  202  206
31008  601  597
31072  1351  1417
31136  559  493
31200  1480  1531
31264  287  236
31328  493  493
31392  225  225
31456  588  588
31520  908  908
31584  424  425
31648  571  570
31712  300  300
31776  509  509
31840  444  470
31904  373  347
31968  420  434
32032  1030  1016
32096  272  279
32160  1110  1103
32224  992  1012
32288  687  667
32352  749  790
32416  157  116
32480  1293  1361
32544  336  268
32608  641  665
32672  136  112
32736  132  611
32800  904  425
32864  298  298
32928  253  253
32992  751  875
33056  273  149
33120  247  265
33184  164  146
33248  104  175
33312  268  197
33376  116  116
33440  138  138
33504  60  64
33568  92  88
33632  46  50
33696  104  100
33760  56  65
33824  129  120
33888  67  67
33952  130  130
34016  58  61
34080  77  74
34144  71  74
34208  101  98
34272  45  48
34336  47  44
34400  51  63
34464  60  48
34528  38  38
34592  35  35
34656  67  68
34720  44  43
34784  75  76
34848  32  31
34912  8  15
34976  72  65
35040  32  32
35104  21  21
35168  18  18
35232  46  46
35296  20  20
35360  30  30
35424  67  68
35488  59  58
35552  8  8
35616  31  31
35680  16  16
35744  24  24
35808  14  17
35872  16  13
35936  17  21
36000  28  24
36064  26  28
36128  13  12
36192  22  21
36256  11  11
36320  17  17
36384  23  23
36448  49  49
36512  17  17
36576  7  7
36640  19  19
36704  10  10
36768  12  12
36832  8  8
36896  23  23
36960  6  6
37024  18  18
37088  5  5
37152  20  20
37216  2  2
37280  11  11
37344  2  2
37408  14  14
37472  5  5
37536  4  4
37600  8  10
37664  14  12
37728  5  6
37792  3  2
37856  3  3
37920  7  7
37984  6  6
38048  4  4
38112  2  2
38176  9  9
38240  10  10
38304  8  8
38368  2  2
38432  10  10
38496  4  4
38560  12  12
38624  4  4
38688  12  12
38752  0  0
38816  4  4
38880  4  4
38944  5  5
39008  0  0
39072  2  2
39136  5  5
39200  2  2
39264  8  8
39328  4  4
39392  0  0
39456  8  8
39520  1  1
39584  3  3
39648  1  1
39712  1  1
39776  3  3
39840  6  6
39904  2  2
39968  0  0
40032  2  2
40096  4  4
40160  1  1
40224  1  1
40288  5  5
40352  4  4
40416  0  0
40480  0  0
40544  0  0
40608  4  4
40672  0  0
40736  0  0
40800  0  0
40864  0  0
40928  0  1
40992  2  1
41056  0  0
41120  4  4
41184  0  0
41248  2  2
41312  0  0
41376  1  1
41440  2  2
41504  0  0
41568  0  0
41632  1  1
41696  0  0
41760  1  1
41824  0  0
41888  1  1
41952  0  0
42016  1  1
42080  0  0
42144  1  1
42208  0  0
42272  2  2
42336  1  1
42400  0  0
42464  0  0
42528  0  0
42592  0  1
42656  2  1
42720  0  0
42784  0  0
42848  0  0
42912  0  0
42976  0  0
43040  0  0
43104  0  0
43168  0  0
43232  0  0
43296  0  0
43360  0  0
43424  0  0
43488  0  0
43552  0  0
43616  0  0
43680  0  0
43744  0  0
43808  0  0
43872  0  0
43936  0  0
44000  0  0
44064  1  1
44128  0  0
44192  0  0
44256  0  0
44320  0  0
44384  0  0
44448  1  1
44512  0  0
44576  0  0
44640  0  0
44704  0  0
44768  0  0
44832  0  0
44896  0  0
44960  0  0
45024  0  0
45088  0  0
45152  1  1
45216  0  0
45280  0  0
45344  0  0
45408  0  0
45472  0  0
45536  1  1
45600  0  0
45664  1  1
45728  0  0
45792  0  0
45856  0  0
45920  0  0
45984  0  0
46048  0  0
46112  0  0
46176  0  0
46240  0  0
46304  0  0
46368  0  0
46432  0  0
46496  0  0
46560  0  0
46624  0  0
46688  0  0
46752  0  0
46816  0  0
46880  0  0
46944  0  0
47008  0  0
47072  1  1
47136  0  0
47200  0  0
47264  0  0
47328  0  0
47392  0  0
47456  0  0
47520  0  0
47584  0  0
47648  0  0
47712  0  0
47776  0  0
47840  0  0
47904  0  0
47968  0  0
48032  0  0
48096  0  0
48160  0  0
48224  0  0
48288  0  0
48352  0  0
48416  0  0
48480  0  0
48544  0  0
48608  0  0
48672  0  0
48736  0  0
48800  1  1
48864  0  0
48928  0  0
48992  0  0
49056  0  0
49120  0  0
49184  0  0
49248  0  0
49312  0  0
49376  0  0
49440  0  0
49504  0  0
49568  0  0
49632  0  0
49696  1  1
49760  0  0
49824  0  0
49888  0  0
49952  0  0
50016  0  0
50080  0  0
50144  0  0
50208  0  0
50272  0  0
50336  0  0
50400  0  0
50464  0  0
50528  0  0
50592  0  0
50656  0  0
50720  0  0
50784  0  0
50848  0  0
50912  0  0
50976  0  0
51040  0  0
51104  0  0
51168  0  0
51232  0  0
51296  0  0
51360  0  0
51424  0  0
51488  0  0
51552  0  0
51616  0  0
51680  0  0
51744  0  0
51808  0  0
51872  0  0
51936  0  0
52000  0  0
52064  0  0
52128  0  0
52192  1  1
52256  0  0
52320  0  0
52384  0  0
52448  0  0
52512  0  0
52576  0  0
52640  1  1
52704  0  0
52768  0  0
52832  0  0
52896  0  0
52960  0  0
53024  0  0
53088  0  0
53152  0  0
53216  0  0
53280  0  0
53344  0  0
53408  0  0
53472  0  0
53536  0  0
53600  1  1
53664  0  0
53728  0  0
53792  0  0
53856  0  0
53920  0  0
53984  0  0
54048  0  0
54112  0  0
54176  0  0
54240  0  0
54304  0  0
54368  0  0
54432  1  1
54496  0  0
54560  0  0
54624  0  0
54688  0  0
54752  0  0
54816  0  0
54880  0  0
54944  0  0
55008  0  0
55072  0  0
55136  0  0
55200  0  0
55264  0  0
55328  0  0
55392  0  0
55456  0  0
55520  0  2
55584  2  0
55648  0  0
55712  0  0
55776  0  0
55840  0  0
55904  0  0
55968  0  0
56032  0  0
56096  0  0
56160  0  0
56224  0  0
56288  0  0
56352  0  0
56416  0  0
56480  0  0
56544  0  0
56608  0  0
56672  0  0
56736  0  0
56800  0  0
56864  0  0
56928  0  0
56992  0  0
57056  0  0
57120  0  0
57184  0  2
57248  2  0
57312  0  0
57376  0  0
57440  0  0
57504  2  2
57568  0  0
57632  0  0
57696  0  0
57760  0  0
57824  0  0
57888  0  0
57952  0  0
58016  0  0
58080  0  0
58144  0  0
58208  0  0
58272  0  0
58336  0  0
58400  0  0
58464  0  0
58528  0  0
58592  0  0
58656  0  0
58720  0  0
58784  0  0
58848  0  9
58912  9  0
58976  0  0
59040  0  0
59104  1  1
59168  7  7
59232  0  0
59296  0  0
59360  0  0
59424  5  5
59488  0  0
59552  0  0
59616  0  0
59680  0  0
59744  0  0
59808  0  0
59872  0  0
59936  0  0
60000  0  0
60064  0  0
60128  0  0
60192  0  0
60256  0  0
60320  0  0
60384  0  0
60448  0  0
60512  0  2
60576  2  0
60640  0  0
60704  0  0
60768  4  4
60832  1  1
60896  0  0
60960  1  1
61024  0  0
61088  1  1
61152  0  0
61216  0  0
61280  0  0
61344  0  0
61408  0  0
61472  0  0
61536  0  0
61600  0  0
61664  0  0
61728  0  0
61792  0  0
61856  0  0
61920  0  0
61984  0  0
62048  0  1
62112  1  0
62176  0  1
62240  1  0
62304  0  0
62368  4  4
62432  0  0
62496  0  0
62560  0  0
62624  1  1
62688  0  0
62752  0  0
62816  0  0
62880  0  0
62944  0  0
63008  0  0
63072  0  0
63136  0  0
63200  0  0
63264  0  0
63328  0  0
63392  0  0
63456  0  0
63520  0  0
63584  0  0
63648  0  0
63712  0  3
63776  3  0
63840  0  0
63904  0  0
63968  0  0
64032  0  0
64096  0  0
64160  0  0
64224  0  0
64288  0  0
64352  0  0
64416  0  0
64480  0  0
64544  0  0
64608  0  0
64672  0  0
64736  0  0
64800  0  0
64864  0  0
64928  0  0
64992  0  0
65056  0  0
65120  0  0
65184  0  0
65248  0  0
65312  0  0
65376  0  1
65440  1  0
65504  0  0
