32  69  69
96  0  0
160  0  0
224  0  0
288  0  0
352  1  1
416  0  0
480  0  0
544  0  0
608  0  0
672  0  0
736  0  0
800  0  0
864  0  0
928  0  0
992  10  10
1056  0  0
1120  0  0
1184  0  0
1248  0  0
1312  0  0
1376  0  0
1440  0  0
1504  0  0
1568  0  0
1632  0  0
1696  0  0
1760  0  0
1824  0  0
1888  0  0
1952  0  0
2016  212  212
2080  0  0
2144  0  0
2208  0  0
2272  0  0
2336  0  0
2400  7  7
2464  0  0
2528  0  0
2592  0  0
2656  0  0
2720  0  0
2784  4  4
2848  0  0
2912  0  0
2976  18  18
3040  0  0
3104  0  0
3168  0  0
3232  0  0
3296  0  4
3360  4  0
3424  0  0
3488  0  0
3552  0  0
3616  0  0
3680  0  0
3744  0  0
3808  0  0
3872  0  0
3936  6  6
4000  262  262
4064  0  0
4128  0  0
4192  0  0
4256  0  0
4320  1  1
4384  43  43
4448  0  0
4512  0  0
4576  0  0
4640  0  0
4704  3  3
4768  48  48
4832  0  0
4896  20  20
4960  13  13
5024  0  0
5088  6  6
5152  0  0
5216  1  1
5280  0  0
5344  22  22
5408  0  0
5472  0  0
5536  3  3
5600  1  1
5664  0  0
5728  3  3
5792  267  267
5856  7  7
5920  14  14
5984  0  0
6048  1  1
6112  2  2
6176  112  112
6240  5  5
6304  5  5
6368  0  0
6432  0  0
6496  0  0
6560  39  39
6624  0  4
6688  22  18
6752  38  38
6816  0  0
6880  7  7
6944  0  0
7008  7  7
7072  43  43
7136  135  135
7200  4  4
7264  7  7
7328  7  7
7392  0  0
7456  12  12
7520  2  2
7584  4  4
7648  5  5
7712  60  60
7776  373  373
7840  5  5
7904  0  0
7968  4  4
8032  7  7
8096  60  60
8160  24  24
8224  0  0
8288  2  2
8352  0  0
8416  25  25
8480  6  6
8544  53  53
8608  7  7
8672  15  15
8736  240  240
8800  14  14
8864  1  1
8928  11  11
8992  64  64
9056  5  5
9120  252  252
9184  2  2
9248  29  29
9312  45  45
9376  1  1
9440  27  27
9504  4  4
9568  36  36
9632  19  19
9696  15  17
9760  5  3
9824  36  36
9888  21  21
9952  8  8
10016  25  25
10080  20  20
10144  0  0
10208  7  7
10272  11  11
10336  8  8
10400  299  299
10464  30  30
10528  0  0
10592  45  45
10656  42  42
10720  56  56
10784  3  3
10848  5  5
10912  29  29
10976  42  42
11040  32  32
11104  6  6
11168  28  28
11232  7  9
11296  4  2
11360  61  61
11424  5  5
11488  71  71
11552  4  4
11616  75  75
11680  8  9
11744  192  191
11808  11  11
11872  38  38
11936  42  42
12000  23  23
12064  109  109
12128  26  26
12192  49  49
12256  69  69
12320  52  52
12384  34  34
12448  223  223
12512  7  7
12576  15  15
12640  33  33
12704  20  20
12768  1  1
12832  40  40
12896  31  31
12960  54  54
13024  39  177
13088  196  58
13152  5  5
13216  106  106
13280  78  78
13344  36  36
13408  53  53
13472  13  13
13536  95  95
13600  34  34
13664  60  60
13728  16  16
13792  47  47
13856  9  9
13920  17  17
13984  17  18
14048  40  39
14112  3  3
14176  51  51
14240  24  24
14304  137  137
14368  25  25
14432  76  76
14496  58  58
14560  11  12
14624  20  19
14688  28  28
14752  33  33
14816  46  46
14880  64  64
14944  20  21
15008  24  23
15072  12  12
15136  29  29
15200  2  2
15264  17  17
15328  12  12
15392  32  32
15456  57  57
15520  16  16
15584  14  14
15648  16  16
15712  13  13
15776  226  226
15840  91  91
15904  17  17
15968  82  82
16032  18  18
16096  28  28
16160  59  59
16224  27  27
16288  11  11
16352  59  59
16416  8  8
16480  28  28
16544  10  10
16608  13  13
16672  23  23
16736  45  45
16800  28  28
16864  27  27
16928  137  137
16992  33  33
17056  42  42
17120  64  64
17184  21  21
17248  23  23
17312  94  94
17376  33  33
17440  13  13
17504  16  16
17568  58  58
17632  43  43
17696  9  9
17760  29  29
17824  21  21
17888  14  14
17952  25  25
18016  55  55
18080  24  24
18144  28  28
18208  227  227
18272  33  33
18336  46  46
18400  29  29
18464  55  55
18528  18  18
18592  49  49
18656  157  158
18720  17  16
18784  4  5
18848  86  85
18912  12  12
18976  23  23
19040  15  15
19104  23  23
19168  16  16
19232  143  143
19296  13  13
19360  19  19
19424  78  79
19488  66  65
19552  13  13
19616  47  47
19680  63  66
19744  16  13
19808  18  18
19872  127  127
19936  11  11
20000  31  31
20064  25  25
20128  13  13
20192  21  21
20256  24  24
20320  193  193
20384  52  52
20448  128  128
20512  56  56
20576  46  47
20640  11  10
20704  20  20
20768  44  44
20832  14  14
20896  107  107
20960  28  28
21024  25  25
21088  21  21
21152  37  37
21216  26  26
21280  263  263
21344  84  84
21408  25  26
21472  48  47
21536  66  68
21600  13  11
21664  27  27
21728  20  20
21792  90  90
21856  8  8
21920  121  121
21984  28  28
22048  32  32
22112  30  30
22176  135  135
22240  89  89
22304  436  436
22368  21  21
22432  31  31
22496  16  17
22560  30  29
22624  16  16
22688  18  18
22752  24  24
22816  61  61
22880  19  19
22944  22  22
23008  77  77
23072  164  164
23136  28  28
23200  41  42
23264  27  26
23328  16  16
23392  176  176
23456  48  48
23520  41  41
23584  18  18
23648  21  21
23712  21  21
23776  44  47
23840  49  46
23904  59  59
23968  73  73
24032  66  66
24096  17  17
24160  121  122
24224  168  167
24288  40  40
24352  22  22
24416  16  19
24480  24  21
24544  25  27
24608  62  60
24672  20  20
24736  78  78
24800  23  23
24864  103  103
24928  122  122
24992  57  57
25056  54  54
25120  31  31
25184  22  22
25248  119  119
25312  33  33
25376  29  29
25440  38  38
25504  100  100
25568  24  24
25632  83  83
25696  20  20
25760  17  17
25824  30  33
25888  86  83
25952  70  70
26016  186  186
26080  47  127
26144  134  54
26208  32  32
26272  58  59
26336  59  58
26400  33  33
26464  36  36
26528  39  39
26592  22  22
26656  31  31
26720  80  80
26784  59  59
26848  53  53
26912  12  12
26976  17  17
27040  59  59
27104  104  104
27168  75  75
27232  116  116
27296  24  24
27360  23  23
27424  46  46
27488  33  33
27552  38  38
27616  31  31
27680  23  23
27744  31  32
27808  60  59
27872  29  29
27936  114  114
28000  38  38
28064  86  86
28128  51  51
28192  77  77
28256  45  45
28320  79  81
28384  49  47
28448  24  24
28512  41  41
28576  26  26
28640  64  64
28704  25  25
28768  25  25
28832  25  25
28896  15  17
28960  30  28
29024  102  102
29088  54  54
29152  101  101
29216  43  43
29280  24  24
29344  94  94
29408  37  37
29472  57  58
29536  55  54
29600  28  28
29664  85  85
29728  21  21
29792  56  56
29856  42  42
29920  22  22
29984  24  24
30048  38  38
30112  81  81
30176  100  100
30240  61  61
30304  31  31
30368  45  45
30432  115  115
30496  121  121
30560  31  31
30624  39  39
30688  26  26
30752  53  53
30816  120  120
30880  18  18
30944  26  26
31008  149  149
31072  341  341
31136  84  84
31200  97  97
31264  88  88
31328  110  110
31392  28  28
31456  32  32
31520  73  73
31584  96  96
31648  29  29
31712  16  16
31776  15  15
31840  570  570
31904  69  69
31968  191  191
32032  92  92
32096  18  18
32160  153  153
32224  81  82
32288  25  25
32352  63  63
32416  89  90
32480  68  66
32544  74  74
32608  66  66
32672  716  716
32736  163  163
32800  29  31
32864  102  106
32928  467  461
32992  32  32
33056  16  16
33120  29  29
33184  48  48
33248  50  50
33312  21  22
33376  37  36
33440  1242  1242
33504  121  122
33568  26  25
33632  383  390
33696  591  584
33760  753  755
33824  39  37
33888  71  71
33952  39  39
34016  43  43
34080  47  47
34144  26  26
34208  20  20
34272  122  122
34336  27  27
34400  551  551
34464  527  531
34528  56  52
34592  310  322
34656  62  50
34720  418  418
34784  45  45
34848  66  66
34912  46  46
34976  35  35
35040  51  51
35104  222  226
35168  79  75
35232  633  634
35296  39  43
35360  136  131
35424  52  52
35488  113  114
35552  57  56
35616  188  188
35680  57  57
35744  468  468
35808  71  73
35872  28  26
35936  73  73
36000  54  54
36064  128  128
36128  42  42
36192  571  571
36256  183  183
36320  40  40
36384  120  120
36448  28  28
36512  98  98
36576  246  246
36640  355  355
36704  75  75
36768  115  115
36832  62  62
36896  106  107
36960  110  109
37024  522  522
37088  73  74
37152  59  59
37216  43  42
37280  119  119
37344  133  133
37408  66  66
37472  116  116
37536  1213  1213
37600  41  41
37664  121  121
37728  71  71
37792  41  41
37856  76  76
37920  96  96
37984  145  145
38048  113  113
38112  369  369
38176  85  86
38240  64  63
38304  217  217
38368  180  180
38432  46  46
38496  35  35
38560  131  132
38624  76  75
38688  419  419
38752  33  33
38816  127  127
38880  30  30
38944  121  121
39008  28  31
39072  185  182
39136  80  97
39200  303  286
39264  60  60
39328  434  434
39392  41  41
39456  42  53
39520  128  117
39584  96  96
39648  72  72
39712  352  352
39776  25  25
39840  41  41
39904  259  259
39968  50  51
40032  136  136
40096  163  162
40160  52  52
40224  40  40
40288  39  39
40352  281  281
40416  136  136
40480  43  45
40544  358  356
40608  83  83
40672  65  65
40736  60  60
40800  148  148
40864  105  105
40928  33  33
40992  417  417
41056  170  170
41120  34  34
41184  463  463
41248  74  74
41312  39  39
41376  80  80
41440  265  265
41504  65  67
41568  318  316
41632  38  38
41696  109  109
41760  196  196
41824  531  531
41888  151  151
41952  270  270
42016  130  130
42080  272  272
42144  56  56
42208  39  39
42272  41  41
42336  121  121
42400  103  103
42464  436  437
42528  43  42
42592  447  447
42656  229  229
42720  685  685
42784  108  108
42848  26  26
42912  134  134
42976  48  48
43040  88  89
43104  404  403
43168  30  30
43232  57  57
43296  219  219
43360  65  65
43424  291  291
43488  31  31
43552  27  27
43616  139  139
43680  195  196
43744  446  445
43808  58  58
43872  68  68
43936  169  169
44000  60  60
44064  145  145
44128  132  132
44192  49  49
44256  36  36
44320  101  101
44384  328  328
44448  89  89
44512  30  30
44576  64  351
44640  632  345
44704  252  253
44768  240  242
44832  33  31
44896  54  53
44960  59  59
45024  99  99
45088  215  217
45152  154  152
45216  201  201
45280  109  110
45344  71  70
45408  52  52
45472  455  455
45536  30  30
45600  98  103
45664  341  336
45728  197  197
45792  153  158
45856  71  66
45920  151  151
45984  185  185
46048  100  100
46112  40  40
46176  242  242
46240  129  129
46304  23  23
46368  44  44
46432  179  190
46496  147  136
46560  215  215
46624  108  108
46688  413  418
46752  79  74
46816  325  325
46880  163  163
46944  85  85
47008  34  34
47072  114  115
47136  34  33
47200  66  66
47264  222  222
47328  84  84
47392  474  474
47456  88  88
47520  66  66
47584  335  335
47648  29  29
47712  46  46
47776  169  169
47840  116  116
47904  136  136
47968  64  64
48032  110  110
48096  837  837
48160  126  126
48224  46  47
48288  111  110
48352  105  105
48416  463  463
48480  82  82
48544  137  137
48608  41  41
48672  218  218
48736  74  74
48800  193  193
48864  16  19
48928  194  191
48992  147  147
49056  43  43
49120  577  577
49184  296  296
49248  93  93
49312  18  18
49376  32  32
49440  235  235
49504  76  76
49568  151  151
49632  341  341
49696  104  104
49760  13  13
49824  98  98
49888  33  33
49952  38  38
50016  52  52
50080  434  434
50144  593  593
50208  76  76
50272  21  22
50336  107  106
50400  58  58
50464  203  203
50528  380  380
50592  20  20
50656  41  41
50720  179  179
50784  10  10
50848  34  34
50912  560  560
50976  98  98
51040  132  132
51104  516  516
51168  5  5
51232  169  169
51296  151  151
51360  53  53
51424  9  9
51488  498  498
51552  15  15
51616  114  114
51680  60  60
51744  10  10
51808  79  79
51872  19  19
51936  1422  1422
52000  66  66
52064  39  39
52128  22  22
52192  134  162
52256  35  7
52320  77  77
52384  10  10
52448  246  246
52512  16  16
52576  2  2
52640  45  45
52704  39  39
52768  4  4
52832  89  89
52896  151  151
52960  10  10
53024  134  134
53088  12  12
53152  3  3
53216  19  19
53280  233  233
53344  10  10
53408  15  15
53472  90  90
53536  266  266
53600  17  17
53664  10  10
53728  1  1
53792  3  3
53856  30  30
53920  8  8
53984  39  39
54048  89  89
54112  15  15
54176  72  72
54240  9  9
54304  2  2
54368  1  1
54432  657  657
54496  7  7
54560  0  0
54624  62  62
54688  234  234
54752  10  10
54816  5  5
54880  2  2
54944  1  1
55008  18  18
55072  20  20
55136  2  2
55200  48  48
55264  11  11
55328  4  4
55392  8  8
55456  17  17
55520  4  4
55584  6  6
55648  0  0
55712  3  3
55776  2  2
55840  73  73
55904  18  18
55968  4  4
56032  2  2
56096  1  1
56160  9  9
56224  7  7
56288  3  3
56352  8  8
56416  48  48
56480  0  0
56544  7  7
56608  1  1
56672  0  0
56736  14  14
56800  2  2
56864  3  3
56928  13  13
56992  37  37
57056  30  30
57120  3  3
57184  7  7
57248  5  5
57312  10  10
57376  24  24
57440  4  4
57504  3  3
57568  77  77
57632  3  3
57696  1  1
57760  12  12
57824  0  0
57888  10  10
57952  10  10
58016  2  2
58080  28  28
58144  2  2
58208  33  33
58272  0  0
58336  9  9
58400  1  1
58464  4  4
58528  21  21
58592  6  6
58656  5  5
58720  20  20
58784  1  1
58848  0  18
58912  28  10
58976  0  0
59040  24  24
59104  2  2
59168  0  0
59232  17  17
59296  296  296
59360  0  0
59424  3  3
59488  9  9
59552  1  1
59616  1  1
59680  37  37
59744  6  6
59808  2  2
59872  5  5
59936  1  1
60000  0  0
60064  8  8
60128  8  8
60192  0  0
60256  2  2
60320  12  12
60384  0  0
60448  19  19
60512  60  60
60576  0  0
60640  22  22
60704  0  0
60768  1  1
60832  7  7
60896  148  148
60960  0  0
61024  2  2
61088  1  1
61152  2  2
61216  35  35
61280  2  2
61344  0  0
61408  5  5
61472  1  1
61536  0  0
61600  4  4
61664  23  23
61728  0  0
61792  4  4
61856  0  0
61920  0  2
61984  104  102
62048  0  0
62112  0  0
62176  0  0
62240  0  0
62304  3  3
62368  185  185
62432  1  1
62496  0  0
62560  3  3
62624  0  0
62688  6  6
62752  0  0
62816  0  0
62880  0  0
62944  0  0
63008  0  0
63072  27  27
63136  0  0
63200  0  0
63264  0  0
63328  4  4
63392  24  24
63456  0  0
63520  0  0
63584  0  0
63648  0  0
63712  0  0
63776  104  104
63840  0  0
63904  0  0
63968  0  0
64032  0  0
64096  0  0
64160  2  2
64224  0  0
64288  0  0
64352  0  0
64416  0  0
64480  0  0
64544  1  1
64608  0  0
64672  0  0
64736  0  0
64800  0  0
64864  0  0
64928  6  6
64992  0  0
65056  0  0
65120  0  0
65184  0  0
65248  0  160
65312  160  0
65376  0  0
65440  0  0
65504  0  0
