32  0  0
96  0  0
160  0  0
224  0  0
288  0  0
352  0  0
416  0  0
480  0  0
544  0  0
608  0  0
672  0  0
736  0  0
800  0  0
864  0  0
928  0  0
992  0  0
1056  0  0
1120  0  0
1184  0  0
1248  0  0
1312  0  0
1376  0  0
1440  0  0
1504  0  0
1568  0  0
1632  0  0
1696  0  0
1760  0  0
1824  0  0
1888  0  0
1952  0  0
2016  0  0
2080  0  0
2144  0  0
2208  0  0
2272  0  0
2336  0  0
2400  0  0
2464  0  0
2528  0  0
2592  0  0
2656  0  0
2720  0  0
2784  0  0
2848  0  0
2912  0  0
2976  0  0
3040  0  0
3104  0  0
3168  0  0
3232  0  0
3296  0  0
3360  0  0
3424  0  0
3488  0  0
3552  0  0
3616  0  0
3680  0  0
3744  0  0
3808  0  0
3872  0  0
3936  0  0
4000  0  0
4064  0  0
4128  0  0
4192  0  0
4256  0  0
4320  0  0
4384  0  0
4448  0  0
4512  0  0
4576  0  0
4640  0  0
4704  0  0
4768  0  0
4832  0  0
4896  0  0
4960  0  0
5024  0  0
5088  0  0
5152  0  0
5216  0  0
5280  0  0
5344  0  0
5408  0  0
5472  0  0
5536  0  0
5600  0  0
5664  0  0
5728  0  0
5792  0  0
5856  0  0
5920  0  0
5984  0  0
6048  0  0
6112  0  0
6176  0  0
6240  0  0
6304  0  0
6368  0  0
6432  0  0
6496  0  0
6560  0  0
6624  0  0
6688  0  0
6752  0  0
6816  0  0
6880  0  0
6944  0  0
7008  0  0
7072  0  0
7136  0  0
7200  0  0
7264  0  0
7328  0  0
7392  0  0
7456  0  0
7520  0  0
7584  0  0
7648  0  0
7712  0  0
7776  0  0
7840  0  0
7904  0  0
7968  0  0
8032  0  0
8096  0  0
8160  0  0
8224  0  0
8288  0  0
8352  0  0
8416  0  0
8480  0  0
8544  0  0
8608  0  0
8672  0  0
8736  0  0
8800  0  0
8864  0  0
8928  0  0
8992  0  0
9056  0  0
9120  0  0
9184  0  0
9248  0  0
9312  0  0
9376  0  0
9440  0  0
9504  0  0
9568  0  0
9632  0  0
9696  0  0
9760  0  0
9824  0  0
9888  0  0
9952  0  0
10016  0  0
10080  0  0
10144  0  0
10208  0  0
10272  0  0
10336  0  0
10400  0  0
10464  0  0
10528  0  0
10592  0  0
10656  0  0
10720  0  0
10784  0  0
10848  0  0
10912  0  0
10976  0  0
11040  0  0
11104  0  0
11168  0  0
11232  0  0
11296  0  0
11360  0  0
11424  0  0
11488  0  0
11552  0  0
11616  0  0
11680  0  0
11744  0  0
11808  0  0
11872  0  0
11936  0  0
12000  0  0
12064  0  0
12128  0  0
12192  0  0
12256  0  0
12320  0  0
12384  0  0
12448  0  0
12512  0  0
12576  0  0
12640  0  0
12704  0  0
12768  0  0
12832  0  0
12896  0  0
12960  0  0
13024  0  0
13088  0  0
13152  0  0
13216  0  0
13280  0  0
13344  0  0
13408  0  0
13472  0  0
13536  0  0
13600  0  0
13664  0  0
13728  0  0
13792  0  0
13856  0  0
13920  0  0
13984  0  0
14048  0  0
14112  0  0
14176  0  0
14240  0  0
14304  0  0
14368  0  0
14432  0  0
14496  0  0
14560  0  0
14624  0  0
14688  0  0
14752  1  1
14816  0  0
14880  0  0
14944  0  0
15008  0  0
15072  0  0
15136  0  0
15200  0  0
15264  0  0
15328  0  0
15392  0  0
15456  0  0
15520  0  0
15584  0  0
15648  0  0
15712  0  0
15776  0  0
15840  0  0
15904  0  0
15968  0  0
16032  0  0
16096  0  0
16160  0  0
16224  0  0
16288  0  0
16352  0  0
16416  1  1
16480  1  1
16544  0  0
16608  0  0
16672  0  0
16736  0  0
16800  0  0
16864  0  0
16928  2  2
16992  0  0
17056  1  1
17120  0  0
17184  0  0
17248  0  0
17312  0  0
17376  0  0
17440  0  0
17504  1  1
17568  0  0
17632  0  0
17696  0  0
17760  0  0
17824  0  0
17888  0  0
17952  0  0
18016  0  0
18080  2  2
18144  0  0
18208  0  0
18272  0  0
18336  0  0
18400  0  0
18464  0  0
18528  0  0
18592  4  4
18656  1  1
18720  0  0
18784  0  0
18848  0  0
18912  0  0
18976  0  0
19040  0  0
19104  0  0
19168  5  5
19232  0  0
19296  0  0
19360  0  0
19424  0  0
19488  0  0
19552  1  1
19616  1  1
19680  1  1
19744  5  5
19808  0  0
19872  0  0
19936  1  1
20000  0  0
20064  0  0
20128  1  1
20192  1  1
20256  4  4
20320  2  2
20384  0  0
20448  0  0
20512  0  0
20576  0  0
20640  1  1
20704  0  0
20768  4  4
20832  3  3
20896  0  0
20960  0  0
21024  1  1
21088  0  0
21152  0  0
21216  4  5
21280  7  6
21344  2  2
21408  1  1
21472  1  1
21536  0  0
21600  1  1
21664  0  0
21728  2  2
21792  1  1
21856  6  6
21920  7  7
21984  0  0
22048  1  1
22112  0  0
22176  0  0
22240  0  0
22304  11  11
22368  9  9
22432  1  1
22496  5  5
22560  2  2
22624  1  1
22688  0  0
22752  0  0
22816  1  1
22880  3  4
22944  5  4
23008  2  2
23072  0  0
23136  1  1
23200  1  1
23264  0  0
23328  0  0
23392  2  2
23456  3  3
23520  8  8
23584  3  3
23648  3  3
23712  1  1
23776  1  1
23840  0  0
23904  1  1
23968  9  9
24032  12  12
24096  0  0
24160  4  4
24224  5  5
24288  1  1
24352  0  0
24416  1  1
24480  2  2
24544  3  9
24608  14  8
24672  2  3
24736  1  0
24800  4  4
24864  1  1
24928  1  1
24992  4  4
25056  3  3
25120  21  21
25184  9  9
25248  2  2
25312  3  3
25376  1  1
25440  1  1
25504  1  1
25568  1  1
25632  0  0
25696  26  26
25760  5  5
25824  0  0
25888  4  4
25952  6  7
26016  1  0
26080  5  5
26144  3  3
26208  5  28
26272  25  2
26336  6  6
26400  8  8
26464  9  9
26528  2  2
26592  2  2
26656  3  3
26720  2  3
26784  15  14
26848  10  10
26912  2  2
26976  16  16
27040  5  5
27104  7  7
27168  11  11
27232  14  15
27296  2  1
27360  17  17
27424  5  5
27488  4  6
27552  11  9
27616  7  15
27680  10  2
27744  19  24
27808  13  8
27872  7  19
27936  18  6
28000  7  7
28064  20  20
28128  13  13
28192  13  13
28256  11  11
28320  4  4
28384  18  21
28448  18  15
28512  16  16
28576  7  7
28640  43  43
28704  9  9
28768  21  21
28832  26  26
28896  16  16
28960  6  6
29024  19  19
29088  8  8
29152  40  65
29216  29  4
29280  28  40
29344  25  13
29408  50  57
29472  16  9
29536  23  36
29600  23  10
29664  11  11
29728  37  37
29792  31  31
29856  22  22
29920  37  37
29984  11  11
30048  36  40
30112  36  32
30176  41  41
30240  18  18
30304  41  42
30368  26  25
30432  51  59
30496  31  23
30560  120  124
30624  42  38
30688  35  97
30752  95  33
30816  55  74
30880  39  20
30944  94  118
31008  87  63
31072  60  93
31136  116  83
31200  55  69
31264  58  44
31328  49  51
31392  97  95
31456  59  61
31520  66  64
31584  126  128
31648  98  96
31712  84  89
31776  77  72
31840  94  96
31904  57  55
31968  113  128
32032  119  104
32096  381  391
32160  64  54
32224  328  334
32288  95  89
32352  96  305
32416  309  100
32480  268  305
32544  141  104
32608  280  349
32672  294  225
32736  203  682
32800  714  235
32864  156  157
32928  670  669
32992  473  474
33056  335  334
33120  564  566
33184  486  485
33248  522  527
33312  693  687
33376  173  177
33440  1114  1110
33504  106  107
33568  693  693
33632  350  349
33696  300  300
33760  571  577
33824  433  427
33888  341  349
33952  295  288
34016  295  295
34080  568  567
34144  117  119
34208  478  476
34272  164  166
34336  503  501
34400  603  621
34464  424  410
34528  482  478
34592  284  288
34656  177  178
34720  668  667
34784  420  434
34848  376  358
34912  764  768
34976  815  812
35040  312  311
35104  678  678
35168  802  802
35232  518  518
35296  436  436
35360  533  533
35424  534  536
35488  611  609
35552  509  514
35616  451  448
35680  637  665
35744  508  479
35808  377  384
35872  1061  1057
35936  423  421
36000  615  621
36064  222  226
36128  279  268
36192  394  393
36256  401  405
36320  381  377
36384  571  575
36448  521  537
36512  457  439
36576  686  684
36640  554  557
36704  669  691
36768  1150  1128
36832  810  833
36896  1100  1074
36960  4700  4700
37024  583  602
37088  1980  1961
37152  1030  1030
37216  1280  1283
37280  1326  1326
37344  2103  2102
37408  1251  1252
37472  1702  1702
37536  2056  2094
37600  1785  1862
37664  686  668
37728  1857  1759
37792  557  557
37856  819  817
37920  348  349
37984  744  744
38048  2677  2756
38112  779  699
38176  3993  3993
38240  1004  1007
38304  341  340
38368  66  64
38432  110  112
38496  85  83
38560  120  122
38624  115  114
38688  105  106
38752  66  65
38816  151  150
38880  50  50
38944  57  59
39008  103  102
39072  77  80
39136  40  36
39200  48  48
39264  85  89
39328  52  53
39392  46  41
39456  30  31
39520  13  12
39584  35  36
39648  34  36
39712  40  38
39776  35  34
39840  57  57
39904  30  31
39968  84  85
40032  18  17
40096  29  28
40160  13  13
40224  16  16
40288  19  19
40352  34  34
40416  24  24
40480  13  13
40544  28  28
40608  17  17
40672  44  44
40736  16  16
40800  8  8
40864  22  23
40928  28  28
40992  12  11
41056  21  21
41120  14  14
41184  53  53
41248  7  11
41312  34  30
41376  14  14
41440  228  228
41504  46  47
41568  2  1
41632  33  34
41696  8  7
41760  11  13
41824  7  5
41888  9  9
41952  20  20
42016  45  46
42080  17  16
42144  8  8
42208  35  35
42272  11  11
42336  4  4
42400  2  2
42464  17  18
42528  15  14
42592  62  67
42656  6  1
42720  143  143
42784  1  1
42848  4  4
42912  24  25
42976  22  21
43040  43  43
43104  0  0
43168  30  30
43232  1  1
43296  6  6
43360  6  6
43424  10  10
43488  2  2
43552  13  13
43616  0  0
43680  8  8
43744  36  36
43808  6  6
43872  4  4
43936  4  4
44000  12  12
44064  2  2
44128  12  12
44192  19  19
44256  61  61
44320  2  2
44384  0  0
44448  0  0
44512  424  424
44576  0  0
44640  0  0
44704  29  29
44768  0  0
44832  21  21
44896  4  4
44960  0  0
45024  0  0
45088  0  0
45152  0  0
45216  2  2
45280  1  1
45344  9  9
45408  254  254
45472  0  0
45536  0  0
45600  0  0
45664  5  5
45728  0  0
45792  1  1
45856  0  0
45920  0  0
45984  0  0
46048  0  0
46112  0  0
46176  0  0
46240  0  0
46304  0  0
46368  2  2
46432  0  0
46496  0  0
46560  0  0
46624  0  0
46688  0  0
46752  0  0
46816  0  0
46880  0  0
46944  0  0
47008  0  0
47072  0  0
47136  0  0
47200  0  0
47264  0  0
47328  0  0
47392  0  0
47456  0  0
47520  0  0
47584  0  0
47648  0  0
47712  0  0
47776  0  0
47840  0  0
47904  0  0
47968  0  0
48032  0  0
48096  0  0
48160  0  0
48224  0  0
48288  0  0
48352  0  0
48416  0  0
48480  0  0
48544  0  0
48608  0  0
48672  0  0
48736  0  0
48800  0  0
48864  0  0
48928  0  0
48992  0  0
49056  0  0
49120  0  0
49184  0  0
49248  0  0
49312  0  0
49376  0  0
49440  0  0
49504  0  0
49568  0  0
49632  0  0
49696  0  0
49760  0  0
49824  0  0
49888  0  0
49952  0  0
50016  0  0
50080  0  0
50144  0  0
50208  0  0
50272  0  0
50336  0  0
50400  0  0
50464  0  0
50528  0  0
50592  0  0
50656  0  0
50720  0  0
50784  0  0
50848  0  0
50912  0  0
50976  0  0
51040  0  0
51104  0  0
51168  0  0
51232  0  0
51296  0  0
51360  0  0
51424  0  0
51488  0  0
51552  0  0
51616  0  0
51680  0  0
51744  0  0
51808  0  0
51872  0  0
51936  0  0
52000  0  0
52064  0  0
52128  0  0
52192  0  0
52256  0  0
52320  0  0
52384  0  0
52448  0  0
52512  0  0
52576  0  0
52640  0  0
52704  0  0
52768  0  0
52832  0  0
52896  0  0
52960  0  0
53024  0  0
53088  0  0
53152  0  0
53216  0  0
53280  0  0
53344  0  0
53408  0  0
53472  0  0
53536  0  0
53600  0  0
53664  0  0
53728  0  0
53792  0  0
53856  0  0
53920  0  0
53984  0  0
54048  0  0
54112  0  0
54176  0  0
54240  0  0
54304  0  0
54368  0  0
54432  0  0
54496  0  0
54560  0  0
54624  0  0
54688  0  0
54752  0  0
54816  0  0
54880  0  0
54944  0  0
55008  0  0
55072  0  0
55136  0  0
55200  0  0
55264  0  0
55328  0  0
55392  0  0
55456  0  0
55520  0  0
55584  0  0
55648  0  0
55712  0  0
55776  0  0
55840  0  0
55904  0  0
55968  0  0
56032  0  0
56096  0  0
56160  0  0
56224  0  0
56288  0  0
56352  0  0
56416  0  0
56480  0  0
56544  0  0
56608  0  0
56672  0  0
56736  0  0
56800  0  0
56864  0  0
56928  0  0
56992  0  0
57056  0  0
57120  0  0
57184  0  0
57248  0  0
57312  0  0
57376  0  0
57440  0  0
57504  0  0
57568  0  0
57632  0  0
57696  0  0
57760  0  0
57824  0  0
57888  0  0
57952  0  0
58016  0  0
58080  0  0
58144  0  0
58208  0  0
58272  0  0
58336  0  0
58400  0  0
58464  0  0
58528  0  0
58592  0  0
58656  0  0
58720  0  0
58784  0  0
58848  0  0
58912  0  0
58976  0  0
59040  0  0
59104  0  0
59168  0  0
59232  0  0
59296  0  0
59360  0  0
59424  0  0
59488  0  0
59552  0  0
59616  0  0
59680  0  0
59744  0  0
59808  0  0
59872  0  0
59936  0  0
60000  0  0
60064  0  0
60128  0  0
60192  0  0
60256  0  0
60320  0  0
60384  0  0
60448  0  0
60512  0  0
60576  0  0
60640  0  0
60704  0  0
60768  0  0
60832  0  0
60896  0  0
60960  0  0
61024  0  0
61088  0  0
61152  0  0
61216  0  0
61280  0  0
61344  0  0
61408  0  0
61472  0  0
61536  0  0
61600  0  0
61664  0  0
61728  0  0
61792  0  0
61856  0  0
61920  0  0
61984  0  0
62048  0  0
62112  0  0
62176  0  0
62240  0  0
62304  0  0
62368  0  0
62432  0  0
62496  0  0
62560  0  0
62624  0  0
62688  0  0
62752  0  0
62816  0  0
62880  0  0
62944  0  0
63008  0  0
63072  0  0
63136  0  0
63200  0  0
63264  0  0
63328  0  0
63392  0  0
63456  0  0
63520  0  0
63584  0  0
63648  0  0
63712  0  0
63776  0  0
63840  0  0
63904  0  0
63968  0  0
64032  0  0
64096  0  0
64160  0  0
64224  0  0
64288  0  0
64352  0  0
64416  0  0
64480  0  0
64544  0  0
64608  0  0
64672  0  0
64736  0  0
64800  0  0
64864  0  0
64928  0  0
64992  0  0
65056  0  0
65120  0  0
65184  0  0
65248  0  0
65312  0  0
65376  0  0
65440  0  0
65504  0  0
